%YAML:1.0
---
K: !!opencv-matrix
   rows: 3
   cols: 3
   dt: d
   data: [ 3.3400211320523117e+03, 0., 1.2799252558007713e+03, 0.,
       3.3139952326506318e+03, 1.1026516483865669e+03, 0., 0., 1. ]
D: !!opencv-matrix
   rows: 1
   cols: 5
   dt: d
   data: [ -4.0811913005756312e-01, 1.3573387214228612e+00,
       -6.9159391208161204e-03, -2.9774317020349592e-03,
       -2.1760579964573141e+00 ]
