%YAML:1.0
---
K: !!opencv-matrix
   rows: 3
   cols: 3
   dt: d
   data: [ 3.2460941816172576e+03, 0., 1.2582789350305106e+03, 0.,
       3.2550970846363061e+03, 1.0743530847831994e+03, 0., 0., 1. ]
D: !!opencv-matrix
   rows: 1
   cols: 5
   dt: d
   data: [ -1.9684422826661283e-01, -1.0007145742902170e+00,
       5.3475608270012465e-03, -2.0440724944501758e-03,
       7.2355858592462239e+00 ]
