; Left Camera
[Camera0]
roll = 0.13901569
pitch = 0.20637115
yaw = 0.60986845
t_x = 0
t_y = 0
t_z = 0

; Center Camera
[Camera1]
roll = -0.04244655
pitch = 0.30226558
yaw = -0.04521109
t_x = 0
t_y = 0 
t_z = 0

; Right Camera
[Camera2]
roll = -0.17917925
pitch = 0.10990806
yaw = -0.63614996
t_x = 0
t_y = 0
t_z = 0