; Left Camera
[Camera0]
roll = -0.04244655
pitch = 0.30226558
yaw = -0.04521109
t_x = -1.01982628
t_y = 0.08739849
t_z = -0.1
; Center Camera
[Camera1]
roll = -0.04244655
pitch = 0.30226558
yaw = -0.04521109
t_x = 0
t_y = 0 
t_z = 0

; Right Camera
[Camera2]
roll = -0.17917925
pitch = 0.10990806
yaw = -0.63614996
t_x = 0
t_y = 0
t_z = 0